 delta_w_l
   3.02254721494057
   2.44974352507338
   2.73579801603724
   2.61340247902812
   2.69083410355992
   2.82541722054011
   2.15478398359567
   2.94258402604830
   2.00514994731148
   2.85141277968401
   3.11724431237007
   3.40182448380199
  -0.267477270990100
   1.24762848615230
   1.25752820494062
   0.965244134469535
  -1.63974135174100
   1.28095777740791
  -10.1684366571646
  -1.67099646830636
  -10.1628873151664
  -10.1893572131416
  -10.1634851166369
  -10.2222614013057
  -10.1323004100957
  -10.4778929890420
   1.31933429879065
  -10.1402823252083
   0.169411247502680
   1.62964343859703
   1.90462737350125
   2.11932203849276
   1.86502058953262
   0.959881091791981
   1.83389598108838
   2.70895497487411
   7.756582553383846E-002
   1.31343136507873
   1.65373322298760
   1.72203426286776
   2.61560470128638
  -8.444325831323050E-002
   0.118403429655611
   1.24302935268339
   0.942802224332729
   1.76139002189311
   1.45494755237903
  -10.1443445336508
  -10.1447296390563
   1.53626798027225
   1.92527531065320
   0.711480304012626
  -0.251176232735902
   1.81325512482589
  -0.482970949229092
   1.76573265933619
   2.36381208866382
   2.05350293970272
  -10.1370079898845
   1.54645742792348
   2.40515378724987
   2.10797221713929
   2.68675481949027
   2.45782178982436
   1.87907492618072
   2.94092935594022
   2.64500274249365
   2.39624873154740
   3.26276366103468
   3.11262713374408
   2.92061656590895
   2.27015898803311
   3.28211002376708
   2.55113947768896
   1.76218768017630
   2.60037213694612
   1.93716250082527
   2.90948125082825
   2.72008000848916
   2.68744547226748
   2.85473418541464
   1.77307437149397
   2.31005170614683
   2.23398938502381
   2.69911508864322
   2.16584318619420
   2.84893734378691
   3.13944201140565
   2.68969648751844
   2.53934955290766
   0.475672343673772
   2.96203198421435
   2.60648312719008
   2.16191991243062
   2.20080733169052
   2.30515446322710
   2.45892194679651
   2.04108722295362
   2.22861455913617
  -10.7692367246527
  -10.6804702249386
   8.081345800607563E-002
  -3.59866045694171
   0.956608774193349
   1.49785706733124
  -10.1687598269025
   0.335242947295329
   0.844669116538978
   0.533968616400872
   1.37260086957412
   1.54293524700389
   1.90423241844537
   1.80770491733297
   1.75888331819817
   2.24255674714016
   0.900863187484327
   0.539159493543011
   1.01570998892741
   1.06565326683433
   2.06469239816485
   2.37681073619517
   2.30188345804222
   1.44557986663264
   1.95394528324819
   1.04830148395934
   0.581868400953431
   1.43832196150390
   1.68006526240520
   1.65843811745703
   2.05178954701156
   0.663494642637465
   0.419537677506281
   1.68486301438645
  -1.12721635290729
   1.64318056812676
  -10.2904880991005
  -1.66969398572922
   2.12556916008936
   2.16091808556728
   0.703411047732427
  -0.376715391373324
  -5.277771199636935E-002
  -10.4440550157200
   1.79024439758347
   1.42171321688275
   1.99190104383680
   2.15525962030005
   2.28764147078112
   2.51101589352260
   1.70142472930605
   3.03207056291414
   2.48908237667867
   2.87451635631049
   3.34212802294699
   3.12713028889254
   3.32724230211200
   2.53391694731600
   2.25903981230782
   2.11885924928067
   2.06135046248170
   1.92652522512256
   2.79956750944433
   2.47455060242523
   3.23855071590141
   3.14969416718979
   3.53814641213769
   3.47268982045852
   3.02998630695407
   1.75601517288818
   2.22121551211235
   3.53553837222549
   3.42073733084597
   2.32712553291508
   2.48502315706652
   1.93846904460666
   2.34924857053061
   1.94123881470914
   2.21115600624793
   1.95820999221248
   2.52413598073946
   2.35299028206285
   2.32430997168716
   2.97422151436641
   3.06633075344506
   2.47728047403369
   1.74149340911560
   2.32631362885986
   2.68439803625645
   0.926319768304501
   2.29560562039934
   1.30581989006344
  -0.754275241826142
   2.89444099500534
   3.45710234073462
   3.19520272813917
   3.54426905551288
   3.59186696707196
   3.12646681963725
   2.56998212609339
   2.36764747407758
   2.35156246767168
   2.15542864842219
   1.95222180903431
   2.58746446317797
   2.48469474187920
   3.29126399147420
   2.57619868196548
   2.42820770781494
   3.02019638169461
   2.85001009288209
   2.90185628667092
   3.16110321206640
   2.00344215557925
   2.75529969749124
   2.20269641600663
   2.74480647889274
   2.17061225879495
   1.93766692561171
   2.18324940890397
   1.62900022416033
   1.85370701383875
   1.99598629104885
   2.83672215217805
   1.66460503324896
   1.95557334111244
   1.90418986783909
   1.93290873894862
   2.34068423558213
   1.50676579545931
   1.55092516790188
   1.73251595034542
   2.46839311408788
   2.49661507159792
   2.48324602744004
   3.11118208194499
   2.17244809995362
   2.43587742796057
   3.84375176174887
   1.89838208963645
   2.26998003967740
   2.83657875517833
   2.30591168325230
   3.63513803943104
   3.47377625675066
   1.41228649513951
   2.27889607723933
   2.89754995071211
   2.42861321465412
   2.53041601139475
   2.81307572270566
  -0.500479432290339
   2.42354884474540
   3.05785607172413
   3.17382328817745
   2.39036180465690
   2.79749966211354
   3.14304979568053
   3.23365100017766
   4.26121739776383
   2.89768422026491
   3.30102535630371
   2.74266108382608
   2.36468867598671
   1.40712806375368
   2.17232480957310
   1.65542495008303
   3.57431188603986
   3.77367365751455
   3.71788715851009
   3.63444201678445
   2.98045430322726
   2.40977709306623
   1.60829914137662
   3.26500988291946
   3.27569061557910
   3.58067689881734
   3.63050941777142
   3.04398179028636
   3.45579306065450
   3.26616246756261
   2.92385681604756
   3.28339378802728
   2.21059408939996
   2.58811409304063
   2.39695720215150
   2.01757843108316
   2.11901525255029
   1.88485211986115
   2.16256742602789
   1.40078356719623
   2.36747915457040
   2.57196226309011
   1.15943033524676
   1.31609742257238
   1.65695132620325
  -0.936810594301857
  -10.4034202209015
  -10.4759593511095
  -0.246693596032390
   1.66245896834050
  -10.5987998545167
  -10.5661962408439
   2.53694869370135
   0.583763571343595
   1.64108619715797
  -10.2613721445376
  -10.2720267646977
   2.39486106036466
   2.38674920749096
   2.05215504057958
  -0.957664939986909
   0.774815752130512
   2.21212009473890
  -0.627827319631748
   2.32784666195738
   2.38777189891655
   3.52887767033231
   2.09683986486088
   3.71881547726510
   4.01463465273665
   1.85026697979669
   3.12421708031702
   3.52640715217860
   3.42986204550386
   2.90602167026325
   2.57780966489524
   3.22268061612368
   4.21152453235798
   3.44244593718312
   3.37505706169295
   3.20780623496224
   3.04228680823102
   2.62742502086050
   2.36213585253836
   2.88924862244484
   1.10241917583676
   1.96967596038287
   1.92124086089422
   1.88805068781937
   2.33590351933862
   2.47249848491536
   1.59295964524061
   1.63764483416485
   2.04379115639084
   3.291319448269069E-002
   0.698298418275904
   2.02300466230803
   1.02268263181482
   1.42560875451506
   1.50602752016721
   1.24736333551550
   1.67782493513653
   3.70718192278715
   3.90484028315163
   2.64972173626735
   2.55018813936419
   1.40206340904703
   0.413030095355241
   0.515526850231838
   0.384757070110011
   0.123024898250980
   0.407644489438411
   3.75412091695947
   3.48770822317131
   1.66738482933178
   3.90848389706360
   2.54941222016064
   2.40616537793052
   3.23751638093945
   2.45769575579652
   2.96968447519600
   2.83202892621640
   1.41658962148682
  -3.574607027805071E-002
  -0.144345117944804
   2.33295866973320
  -1.142385794998670E-002
   2.87701250612455
  -2.596420208103363E-002
   1.40960919721970
   1.90096779379429
   1.91669614375208
   1.66019192795543
   1.42017932880592
   0.468551875070391
   0.898194292146182
  -0.773537187098557
  -10.2862391645345
  -1.21748154135297
  -0.689141022042564
  -10.3495317138191
   0.699513697341864
  -0.366646802238405
   7.457697641127790E-002
  -0.404409694340263
  -2.23864530085148
  -10.2495636924267
  -0.192105353017935
  -10.2754177735944
  -0.858267240090358
   1.56311652750117
  -0.304899849096595
   0.201048384374772
  -10.2698750212192
  -10.3511017203858
  -10.2846740412508
  -0.398101962383756
   0.147933983039179
  -10.6323242951769
  -10.4164200261895
  -10.6851663325938
  -2.22599881951883
  -10.4801979795660
  -10.3711854067600
  -10.5119288850311
  -10.3142877911683
  -10.2821268927651
  -10.3752070520625
  -10.3154974998214
  -10.5682336155842
  -10.4420380471746
  -10.5637164123907
  -10.6901418751057
  -10.4801245364185
  -10.2812206820840
  -10.2874202511205
  -10.2457973680534
  -10.3566918418523
  -10.2578438466237
  -10.7008223529685
  -1.89082673214540
  -10.5440639109326
   0.293179150739672
   0.746223030369144
   1.24785676698249
   2.01929398708113
  -1.67199784827672
   2.89844825431142
   2.61821693406238
   1.62045352931672
  -10.7004554350679
  -2.23322917384736
   0.539537734839575
   0.270801175686938
   0.658176445617725
   0.408525219664300
  -0.585588919060223
   1.67508116778363
  -1.19961421672480
  -0.544123762123527
  -10.8701366427629
  -10.7133290067745
  -0.860295835748464
   1.93847917141068
   1.60429430309704
   1.29564712201848
   0.671739225892826
   0.182307303547486
   0.753834574182892
   2.16974896566001
   1.77908346689589
   2.33524696023395
   1.58050342813002
   1.79609023744865
   2.27668086751976
  -0.320560286594575
   1.26412201863122
   1.16624784385769
   0.512602695497085
   1.81791404355504
   0.859469030019084
  -0.226470659197694
  -0.928834573366849
  -0.149696216320560
  -0.749522094605779
  -0.763923151108698
  -4.853120007447350E-002
   5.847870928920126E-002
   2.55776809086947
   2.57891352178316
   2.78174595302077
   3.24364805858249
   2.94301995567126
   2.60089719163226
   3.03412847369318
   3.97711121654034
   1.35775552215915
   1.98110948508910
   2.90706451825849
   3.65181122616174
   1.95548730588638
   2.38363596485649
   2.16185330419243
   3.60228530768629
   1.51111031135418
   0.614079439040279
  -0.216154071337202
   4.438750624837225E-002
  -0.377306502299141
  -0.279375747944025
  -9.438647034856034E-002
   0.173756050557391
  -0.396086773978643
   0.187784899510650
  -0.319536795546159
  -0.591858442433144
  -0.390200281452618
  -1.72421909880149
  -1.13870211552962
  -1.58335769316477
  -10.5244924826210
  -1.25960238919440
  -0.758149291826496
   7.654575481322105E-002
  -0.628309978194272
  -10.2657576574736
  -10.6972987876313
  -10.5986774465504
  -0.662113613004152
  -10.6028072039455
   0.112618774654842
  -0.503137033299625
   0.325582511361891
  -1.16705769984642
  -0.585094493559441
  -1.43638422527113
   0.940684072668450
   1.73735228198893
   1.96273197405251
  -0.785585339568982
  -1.21755656415139
   7.718812487894477E-003
  -1.01523073042464
   0.140066751442455
  -10.7101725030404
  -10.6917071371417
  -10.7053669923719
  -10.7337391630482
   0.662994893917482
  -0.867218838779536
  -3.71852128367976
   0.848512502462761
  -10.5428077114169
  -1.97330712096340
  -10.4189313853368
  -3.47601827281437
  -3.47043950275244
  -10.3726942015968
  -10.3717734855110
  -1.90152834463130
  -2.84698010643831
  -1.98943815682757
  -10.4677870694453
  -2.49619405098660
  -1.91184873365752
  -1.36282463313955
  -1.11268783215350
  -10.4275381478583
  -1.91261269308305
  -2.27569453443896
  -1.79481651631938
  -2.16692911438033
  -1.50637226334152
  -1.86097435824635
  -2.35448981668578
  -0.441533586379846
  -0.908930384148837
  -1.61769288449796
  -1.10835554447995
  -0.908755163863240
  -1.27595071476939
  -0.381876786558464
  -1.64919745450435
  -0.339012189899537
  -0.992892797684453
  -1.19311954352134
  -2.45272744135029
  -1.35197019328680
  -2.68332368750790
  -0.944044033577748
  -1.27310501123979
  -2.31418209619355
  -1.43620175371631
  -1.06380566802745
  -1.53436431961254
  -0.660133938768885
  -0.818737021466102
  -0.794133087199499
  -0.298538322576527
  -0.789376295062902
  -1.14326563623428
  -0.635078461725332
   0.487573294029062
  -0.540404143323958
  -0.781942535051135
   1.87640153377351
  -0.610995417466289
  -0.696923818957727
  -0.954518291547133
  -1.13911499863556
  -1.15474962624234
  -1.03475638356177
  -1.15236546312851
  -1.51541148036186
  -0.792734598388004
  -1.31251300678776
  -1.44255322824984
  -1.15465423162284
  -1.82403020487619
  -0.635131591559764
  -0.865521840557763
  -0.338466597979488
  -1.15667617965552
  -0.823523761749930
  -1.70670660413158
  -1.04895060518341
  -2.30852067786888
  -1.74851436798805
  -2.01921621245788
  -1.32751886423368
  -1.55620266169027
  -1.28505310603026
  -1.04857886985105
  -1.43453832793111
  -1.58367023133003
  -1.65316844042780
  -1.27564573211632
  -1.49588297801868
  -0.635751767117040
  -1.47142770572687
  -1.27846658626835
  -2.00962064043269
  -0.888243920726600
  -1.17006639855501
  -2.74478263756132
  -1.39542357731102
  -1.17359513608982
  -1.42888004646647
  -1.83508022351051
  -1.65044075083969
  -2.75443487005162
  -1.97908865220343
  -1.92236193561519
  -2.32214149793234
  -2.68441419073465
  -1.21704907087887
   2.13296878381984
   1.74356282463998
   2.33809911336720
   2.41349630038351
   1.86747437546310
   1.48077204624898
   1.98512190576464
   0.715557011955961
   2.73761393496992
   1.29751865228843
   2.19010297507891
   3.54654146232531
   3.22979763507983
   3.40774433415375
   2.20192859699728
   3.23730184211764
   1.31266770621616
   1.51050840456828
   0.866751802543307
   3.08695140783836
   3.22823959492530
   3.54100422826774
   3.38438987738049
   3.41586234091330
   3.34238556408133
   2.69404900241308
   3.55793683569675
   2.91767819659279
   2.99278829384618
   2.58219574128563
   2.06803573729034
   1.03354964357546
   2.58233993774419
   3.50529099831046
   2.78521537676454
   3.39753909157936
   2.24473331332555
   1.99430119267482
   1.75678902158550
   2.23752675114443
   2.43903021698956
   2.97740090455050
   2.95068665959901
   2.48089314953950
   1.50968001613682
   1.28936662207094
   2.62320463446076
   2.67188756294199
   2.61576425312535
   2.28364833413903
   2.55577253612644
   2.07933520004328
   3.41451843802189
   2.75514412544744
   2.61050552155121
   2.79589497280138
   2.98974427367612
   2.75520854764121
   3.01391055921260
   2.30099878975592
   2.76760798711829
   2.44221467696644
   2.48203761602636
   2.58060351728255
   3.47035161960447
   2.98951142848473
   2.46517938322748
   2.74737297758193
   2.92650820049873
   2.75955870344249
   3.01555459183558
   2.20075442505198
   2.47161261461751
   2.54521818432790
   2.62166629575926
   1.95432778951051
   1.32691080758554
  -0.409206562627458
   1.96420361778531
   2.85349507367180
   2.29346391664643
   2.27026561470556
   1.68973495495633
   3.66091910942370
   2.73264821012041
   2.01682669765645
   1.21341962507074
   0.926282472901967
   2.37793619289881
  -1.27848481064049
  -1.05063540745872
   0.771012154885135
   0.445442657447703
   0.271653180153430
   0.777772944410688
   1.53569940250730
   2.09105972007795
   1.44157075359809
   1.08140564073124
   1.69841980382400
   1.52001300788391
   2.07802235108327
  -0.941178135160374
  -10.3134150660399
   0.582931767066018
   1.31574744695274
   1.78446136854467
   1.26515063881860
  -10.3215913336125
  -10.3657213263780
  -10.3126594173677
  -10.3005551255309
   1.698629618300125E-002
  -10.6415932276568
  -10.6996676751279
  -10.3843101360423
  -10.4602167291767
   2.63385725523764
   1.400507458046438E-002
   1.33476133196348
   2.42069480048380
   2.93595106947149
   1.71792132761337
   2.24011536594472
   3.02662130266860
   3.17602905339549
   1.91320540083975
   1.76430837089163
   3.31250003495396
   1.67642681117683
   1.97725825524100
   3.29752173101480
   2.02462057522310
   2.57026836022786
   2.56041829459698
   2.74106319916519
   2.16195705334553
   3.33895748915555
   3.65272330371581
   2.54332606983256
   2.72385296737789
   3.25688542728943
   2.10950498222232
   1.70414780940458
   2.72460453007702
   3.51465040743403
   3.45898871376637
   3.15953249990435
   2.59743160977171
   1.08111024679926
   2.21800613951845
  -1.31403315840992
   3.32458621614889
   2.95031800166338
   2.60597322720345
   2.52140127846290
   2.93841548380991
   3.35586407939770
   3.78275117652193
   3.30536219690898
   3.03214116576560
   3.30278995862983
   2.88139859898752
   2.26791654177644
   2.77029459855213
   2.87119612096159
   1.93028576057446
   2.46815259781610
   2.35305032328658
   3.21730843715495
   2.97794902235641
   2.14100866601204
   3.78968793228111
   1.50182010459624
   2.39186595102252
   1.63488639584216
   3.49077083417485
   2.41093301506199
   3.44419357595399
   2.97230427316235
   3.30175825583507
   3.22150714516073
   2.58769205133908
   2.56370536814860
   2.55175760458166
   2.78150457492499
   2.45877845516406
   3.30086969792592
   3.65611554920664
   3.31060385414842
   2.95011455303797
  -8.075007355942747E-002
   0.753370512203518
  -10.2426739792739
   1.97358071654070
   1.83357459455918
   0.892999989554899
   1.70823571072363
   1.89659097906477
   1.87225647321642
   2.99430494359686
   1.77444475734604
  -5.09999870269459
   1.65987931023975
   2.45684515516557
   1.12424142235794
   2.25271067262537
   2.19714995124336
   1.06704415601940
   3.00017726408700
   3.15096694305406
   2.77341852937575
   1.39542635514546
   1.85647074907075
   2.51869057625702
   2.19648353326186
   3.12095951216880
   2.84642340685902
   2.71695646782498
   3.19943631558301
   2.67636814701744
   2.61237423971727
   2.96620361545271
   2.12936046861869
   2.47621364901276
   2.75524782884872
   3.53025409920511
   2.78413087863980
   0.321368211243217
   1.34242075985008
   2.41557657377963
   1.31411718059862
   1.61147374244578
   1.20101576853804
   2.21090068028909
   2.08992284146125
  -10.3972619507021
  -0.764705996090250
   2.79079749130776
   1.07696706491674
   1.51643845216506
   2.09377961366818
  -10.4730950217406
   0.193903061523251
   1.15959243240042
   0.427098322373808
   0.144347901216131
  -0.487822887222382
  -0.593049280972336
  -3.24637533642170
   1.40420380065600
   2.17264066755712
  -0.922505158117699
   0.923132522080023
   1.37558303731108
  -2.75519013486577
   1.45380156158851
   0.461356670967765
   0.618133239879916
   1.05924154039762
   0.831065926060170
   0.338130658113682
  -0.499190146092182
  -5.84413022005516
  -4.08068949495656
  -7.79026185212212
  -0.468062277955806
  -9.34929551941656
  -2.57417279746555
   2.34758794097346
   1.51400741259021
   1.97162461831458
   2.61706165903120
   2.29146679092375
   2.49565151895934
   2.85583705447017
   1.29931170389569
   2.76714366207982
   1.94359497884934
   1.08147412094133
   2.20136235648420
   0.719138533536972
   0.291880557719867
   0.638195555002298
   0.741971909538333
   0.340153760254125
   1.71208495242299
  -10.5117491941250
   0.266179373768464
  -0.192945406321264
  -10.2992993327833
   1.34429168754047
   0.183736154990124
  -0.251652080137018
  -0.380289003873217
   0.697002124702398
   0.462467082442882
  -2.12630745582558
  -10.3083295389349
   0.254318229755709
   0.759783613353937
   0.652839259397442
   1.34883061448024
  -0.381148581702669
   2.77198411335578
   1.71111922797425
   2.38686345810911
   2.49242076489371
   2.77106029371063
   1.97694618601626
   2.23651001015807
   2.19718872840336
   2.29526748192021
   2.89045322282377
   2.37313710963816
   1.89321900776667
  -0.192225702226142
   0.407007673150247
   1.05505078317865
   2.18437636094648
   1.61056957731301
   1.50236780858308
   2.31323329764886
   1.46286484231644
   1.31753627515814
  -3.58844091969462
  -10.5752445724353
  -10.3711452800300
  -10.3483388714040
  -10.3847588488873
   0.113130327058541
  -3.00828766067239
   9.433755511246416E-002
   1.54500075317593
   0.750547505465616
  -1.30463579323433
   0.577643092135546
   0.895247118257613
   0.912829497769046
   1.55912724674800
   1.78836369900813
   1.91839290579976
   0.136783581294762
   6.964497731356125E-002
   1.19668006550721
   0.315357347987699
  -0.360573813844616
  -1.20759830129539
   2.07869538925745
   1.08282471386517
  -1.37813808068565
  -0.146696237140269
   0.954901393850930
   1.19707493825939
   2.21650366343294
   0.263362006828990
   1.80937924766737
   1.43985006983388
   1.73833480546906
   0.542413034861823
  -0.573722331826443
   0.983680449491998
   0.548242205200830
  -1.83329513735479
  -0.427958262247355
  -0.322775491563766
  -6.26408645434230
   1.22241866677102
   1.00136436649591
  -3.55960546932855
   1.46586742133753
   0.762329611576723
   0.943807834731029
   1.64172253454098
   2.58192633031177
   2.47359486552859
   1.52658331777864
   6.016103916080163E-002
   2.39852324796827
   3.09726836354858
   1.81217590433539
   2.54670159578816
   3.21136180447905
   0.999781465194875
   2.39176387506909
   2.29776603587421
   2.48520192185198
   2.59303569661843
   2.52930351841918
   1.95090375398236
   2.20133337742306
   3.01774225520435
   3.04148259925251
   2.81147005491924
   1.97881592564383
   1.69219419680267
   1.42383507610824
   2.41036474116408
   3.37762562853499
   1.75011280445121
   2.45094809099257
   2.38627153634634
   2.34440269949937
   2.84877526747144
   2.04234018423036
   1.98965905622229
   1.60897203157013
   1.43678249727608
   1.70870095518315
   1.38737409146954
   1.69289871536929
   2.41712695154929
   1.69565696452825
   1.30494398266811
   0.413535990812851
   0.393496650956068
  -3.430325855423316E-002
   1.18195438622798
   0.999900683232445
   1.04388244194285
   1.01243785291698
   0.972944298444042
  -1.46720110034839
  -5.086264007050648E-003
  -10.2950240986328
   0.358442876749921
  -0.838252121137483
  -10.3810879787677
  -0.955521298691769
   1.08894339454716
   0.474556472341065
  -0.713395702759957
  -10.3323255016484
  -0.673245921674650
  -0.226390716445252
  -10.2698077585570
  -10.3004262836692
  -10.2739694953113
   1.77970724088129
   1.49730265191027
   0.249884058869359
   0.591801836695454
   2.01860559788844
   1.32786227037620
   1.81166149005910
   2.15461215325569
   1.65494559775818
   5.901716198624420E-003
   0.696282679989863
   1.80255411766428
   2.02997311298893
   3.33625668655409
   2.17981199375087
   1.87768066912095
   0.750340612863981
   2.52346484752979
   0.637128418245687
   1.75832537320850
   2.53238775320417
   2.66461376637704
   2.44134641340418
   2.98624324522732
   1.62750026254285
   2.63112562527040
   2.00076571586995
   2.24574879501602
   0.965672207350869
   1.82187804906101
   1.76782986926764
   2.30002788283017
   1.61957942489249
   2.98546460226518
   3.13686491180142
   3.78819168956947
   1.72420742594199
   2.10111633392810
   2.46882322667835
   2.82986925173596
   1.71904087713019
   1.14435942147882
   0.463857541616734
   2.59424375721507
   2.66691285225552
   1.82081749796083
   1.73899246707082
   1.88893551434410
   1.17497320212809
   1.98769551161251
   2.02374872373125
   2.50558903706346
   2.61634395728901
   3.25049342573529
   1.81002164694493
   2.08941811878787
   2.80315406257601
   1.26580261285583
   1.33555653672480
   1.39894646200951
   0.557965410389779
   0.502475791771578
   0.681106614164866
   2.09934840141740
   1.52705940588543
   1.57732495644877
   1.35150462465311
   1.14513491008653
   1.79654474819586
   2.09431775766204
   0.504319737241669
   1.38814656588288
   1.58335610538511
   1.91978956948030
   1.81787483316769
   0.578730445147532
   0.821383614634752
  -0.438699843532558
   0.319897928851772
  -5.675461410602058E-002
   0.143901550689619
   0.745858614631865
   1.75094128408310
   0.630156533671683
  -1.72642864581567
   1.22822046579511
   1.07572614146505
  -8.978511877815036E-002
   0.505164613822525
   0.710343760534160
   0.498587295192151
   0.702159923593844
   0.430041137948131
   0.348572686738301
   0.930590495302390
  -0.587653109898797
   0.430851803705817
   1.01079240704023
   0.475732639727468
   1.03757389798609
   0.312692249258828
   0.675157512442614
   0.989749851282414
   0.388428239717640
   2.26918792474770
   1.74338348601637
   6.639669569101119E-002
  -10.7097423363767
  -10.2670262183013
  -10.4617926014560
  -10.4244102298054
  -10.6868413638887
  -10.5428402022389
  -10.3159106648990
   1.17260440458637
   1.20128966301889
   2.57619718403842
  -0.227668628489725
   2.27370450617213
   2.26656615646626
   2.40957713550475
   1.86426075614814
   0.861078335341386
   2.16171859410299
   2.21565294571612
   1.70486494919088
   0.878329446502945
   1.39495822261955
   1.18311018227869
  -10.5855930588054
  -10.3177512788767
  -10.5931189758315
  -10.6383872338823
  -10.2957783722262
  -10.7623634856852
   0.264563852434059
  -0.288607971463768
   2.71934214944027
   1.44239460219194
   0.194917480105889
  -1.42769674682987
   2.30873640564964
   0.245561255515405
   1.21246167926748
   1.63997242892575
   2.00954529315814
   2.10140097008395
   3.17484268235125
   2.22632843298468
   2.39590186485199
   2.22497668624129
   1.61501101988844
   1.82930864837726
   2.54904957741726
   2.50483371108953
   3.16934056645373
   1.31723217649586
   2.00794357164048
   1.05964243986180
   2.02647366510620
   2.43600823012827
   2.35144237229718
   1.94135723877898
  -0.447335760612275
   0.539695671505352
  -1.77539644578122
   1.58512935076958
   1.09403641675021
   1.45752938185753
  -0.403208710630390
  -0.168108466201524
  -10.3061302631040
  -10.2986779579260
  -10.2733435726088
  -0.189280277344343
  -10.3374686693606
  -10.2695045476431
  -10.2675617976766
  -10.2681478258845
  -10.3092264084502
  -10.2700089775737
  -10.3229310786142
  -10.3519523695034
  -10.3038654840374
  -10.3418137482198
  -10.3875946568199
  -10.3553134898142
  -10.3676249231031
  -10.3652795324552
  -10.3648498077439
  -10.3486452710933
  -10.3915335775710
  -10.3982841733677
  -10.3160720739888
  -10.3976905793372
  -10.2948303049370
  -10.3781634423613
  -10.3058051647631
  -10.2723120168363
  -10.2619568258459
  -10.2631561095381
  -10.2671908661473
  -10.4327299862395
  -2.83510847114694
  -10.2908113132737
  -10.2695827100672
  -10.2776445952052
  -10.3539490501015
  -10.3254462663522
  -10.4087080855554
  -10.4472382151553
  -10.6333884286829
  -10.6671181265384
  -10.4071977372038
  -10.5227572347154
  -10.4319150898210
  -10.3724773932709
  -10.5943669966026
  -10.7631802477068
  -10.5656598577183
  -10.2766672801715
  -10.4146567778627
  -10.3872745648563
  -10.2667992472714
  -10.3432877440563
  -10.4857680218421
  -10.3152442282305
  -10.3893061717097
  -10.3321341677828
  -10.3960730389128
  -10.3308665449941
  -10.3822366197510
  -10.4154218587472
  -10.3807782530077
  -10.3467483816314
  -10.4114944042343
  -10.4036702152744
  -10.3348052736818
  -10.3314571613633
  -10.3115395927553
  -10.2973735045735
  -10.4124463157581
  -10.3385321331108
  -10.4028497717634
  -10.3059544086710
  -10.3399124895804
  -10.4195585463547
  -10.4502627638599
  -10.5382902502170
  -10.4753078542971
  -10.5666884079155
  -10.5453319551606
  -10.3950372443221
  -10.4821192939917
  -10.6376194036093
  -10.6296967309390
  -10.2729373175200
  -10.2884854678124
  -10.5287896091727
  -10.2768966103342
  -10.2720976981070
  -10.2947584971669
  -10.3481537528781
  -3.40910492400053
  -1.11249535460254
  -1.19189844846350
  -1.98543766717376
  -1.79027742366813
  -1.78275613555905
  -10.3659863910547
  -10.3210988445311
  -10.3638162635321
  -10.3623629820231
  -10.2712058183819
  -10.3695520530875
  -10.3817941902590
  -10.2696652640412
  -10.2711256000429
  -10.2928365818172
  -10.2712187463192
  -10.4193207244870
  -10.3337343505800
  -10.3031449265441
  -10.4995333727370
  -10.3528289923062
  -10.2821907017098
   1.90538187450242
   1.09060434394613
   0.210661689998913
  -0.253701805544844
   0.703458886094010
  -10.4881230747048
  -3.64526279436577
  -2.38755994575692
  -10.2816894937375
  -2.27377816899412
  -1.07085446505798
  -1.54322701465853
  -1.30555582325101
  -2.00706230985995
  -1.97960985329672
  -3.37301894657351
  -1.44593390245617
   1.23901037583025
  -1.42316241716509
  -2.06881130581768
  -2.29709816961051
  -2.69224648473863
  -3.47605948972327
  -2.32005810049612
  -0.820386763676099
  -0.705322563500542
  -1.23794530831850
  -0.517750755005350
  -1.29834379775580
  -0.815814815061079
  -3.37957538433770
  -7.095111787249906E-002
  -1.46160077576914
   5.949193536917515E-002
  -1.19894042529023
  -0.921744884478212
  -3.37389092735534
  -1.93559897112166
  -2.77213813226199
  -1.83059587455011
  -2.28233646241877
  -2.06699373257361
  -2.70189213059269
  -2.34250889341677
  -0.751276386643102
  -1.48405078638291
  -1.62180896962439
   1.66555878822429
  -11.9464010109884
   1.34499668982731
   0.493254184599187
   1.95504536228779
   1.92605869007901
   2.18938480342410
   1.02650583085093
   2.57566264652344
   2.76286029156050
   0.839309413126885
  -0.245195934364645
   1.59416066099421
   0.439480405811726
   2.47153913701144
   2.12237493843769
   0.958793437975119
  -1.947501399680916E-002
   1.82635380714068
  -1.31315318340189
   1.57733090165870
   1.82035151728594
   2.21230370475574
   0.350968053945572
   2.32943818538512
   2.73295976487405
   2.48913191110894
   2.54873555184427
   2.86008690012438
   2.76985096812403
   2.22113183403991
   2.11222818299222
   2.48783840783759
   2.62467475109616
   2.77844158281972
   2.74441550971725
   1.80269968446377
   2.51503080830396
   1.88675789214396
   2.08046357422644
   2.12697506204006
   1.51445751583581
   2.49671540651056
  -0.259002646974892
  -1.36839782443289
   0.276422189559505
   1.86746649313641
   1.82256009003881
   2.02553277462930
   1.45244318037087
   2.63651070088581
   2.43312435770866
   2.14514913044892
   1.23707912141264
   1.36324689362400
   0.662804219215076
   0.907766394726637
   0.659528930286290
  -1.038585068796362E-002
  -0.549411860729797
  -0.241368934616811
   2.50622803012540
   1.22599174489206
   2.04851688423838
   1.71480555959328
   2.40968342772585
   1.86954693523571
   2.52861627588951
   2.03755039565076
   2.88606296753231
   2.46161999857102
   3.05995836148830
   2.40499460845538
   1.95134933648995
  -1.55298752580549
  -0.299496937188539
  -1.49886988580598
   0.505119316983019
  -1.97466646483457
  -1.71558928849124
  -0.351169345195182
   0.237890803870315
  -1.17398040840212
   1.81486896463779
   1.13535071809739
   1.75275702359982
  -2.14989237595685
   0.458247519362194
   1.91971941699113
   2.68327893105665
   1.78145960563275
   1.58432533044915
   1.69537452099184
   1.84232741108926
   1.99118904499542
   1.76115710472825
  -0.569581639705146
   1.83168564747805
   1.78701044047503
   2.23076268392486
   1.03655673819208
   1.48586397087373
   0.713486685002794
   1.31886395352238
   2.18677399855509
   1.82239541269874
   1.56911087958068
   1.13540797814264
   0.697918241818228
   2.03065528549625
   2.14622513810668
   1.69539263509483
   2.26706855632994
   1.74520775843530
   3.11028989390851
   1.45363101017642
   2.54366736925780
   2.63208650749991
   1.95172019923143
   2.12584685551768
   2.12010840223149
   3.47926819363471
   2.22996504259408
   2.56614648279499
   2.86006574238396
   2.61457538584779
   1.80727048640109
   2.08687197749028
   1.70880124289123
   2.94538225379522
   2.66562120236001
   2.72264591271559
  -0.506401719388616
   2.32794867421858
   1.53808598622108
   0.825188483143103
   0.356149160299633
  -0.910276593431444
   2.09199743987121
   0.486614177488506
  -0.807385100961893
   0.364882267100714
   1.89028211988942
   4.863522009719020E-002
   1.99489569703546
   0.723538357357901
   0.217418720749771
  -0.702789420805446
   1.14704071036606
   2.48119638915197
   1.63592265782644
   2.89676617843206
   2.46163083406836
   2.55741163522695
   1.75702668762675
   2.45742996231178
   2.92508080413394
   1.74183866089634
   1.64922621298603
   3.04954722862849
   2.83375570764592
   2.72370892048164
  -0.863130156752830
   2.82916304160516
   2.60073443747409
   2.49189005987569
   2.61026121741202
   1.45083347003460
   0.886400779198919
   2.21677998114642
  -0.216182341955529
  -0.164138534056484
   0.595412829308525
  -0.781069689560403
  -0.572329317316357
  -1.56874934895131
   0.802091506256079
   1.80892249464268
   1.74940556442656
   2.73081893953499
   3.30304357501511
   2.63581073793344
   1.85703155328163
   0.788745371112852
   0.415501061947680
   0.985296918245651
   2.16634305572640
   2.43263965186674
   2.33084074271787
   3.31936142247766
   3.18069359139105
   3.01423159325283
   2.73368774026703
   2.68230551305294
   1.49518571598718
   2.46829100684600
   3.22035739166924
   3.69713889186280
   3.57640683807530
   3.49315370354903
   2.90337782280605
   2.18169928994063
   1.34512907423588
   0.800981273479587
   2.70655315433033
   3.39125566810975
   1.76029743899810
  -0.583796040911184
  -2.16898985100517
  -0.931603129610821
  -0.550855299026036
  -2.11120145079300
  -1.80556634804928
  -10.5386001068671
  -3.276407961348350E-002
  -0.857788666305951
  -2.50046506996423
  -0.487053693278437
   0.124842057317579
  -0.401640083645287
  -5.889409632666657E-002
   0.764080598703985
   0.827973250762958
   0.957194953964654
   0.307883000796529
   0.640331918535335
  -0.158566014793493
   0.659295733510015
  -0.131808835913008
   0.581559209439164
   0.683348521798493
   0.105298220489336
   0.199994636330400
   0.322757599575986
  -1.14727618115282
  -10.3426197857231
  -10.3397393715359
  -3.51976829126950
  -10.2896318150541
  -10.3236350556725
  -0.645288615911065
   0.459668982610361
  -0.206149155742996
  -0.408889195021484
   1.09394319574539
   0.937404807830776
   1.09230669340912
   1.86053950576140
   2.32472868339189
   2.36085135502073
   1.17139251021556
   2.42472262064633
   1.30690238870603
   1.63736299663068
   1.79650335675219
   1.38821384477073
   1.00637301037064
   0.348566210213847
  -1.71561095161719
  -0.590026129774519
   1.45035977400458
   1.46997358040515
   1.87616219163133
   0.566919067259469
   0.967839292542536
   1.07876177254602
   1.62687500515510
   1.44468786247805
   1.82811857622227
   1.55548328421214
   0.221531769896208
   1.54474444690503
   2.32801138249154
   1.07604561262286
   0.859518816652195
   2.00706087482441
   2.65631266792421
   2.67800172428530
   2.14877906274516
   1.18021133613143
   2.35475760902843
   2.59790279478347
   2.90757584460101
   2.68542213255796
   1.84009833853535
   2.77061426742863
   2.43866469639833
   2.55588197073861
   2.39012081821624
   2.17032843928955
   2.81164283974799
   2.62113440194607
   2.98796935503426
   2.25430286222181
   2.42486342120832
   0.624872278335302
   1.73586495467013
   2.40233927861033
   2.90103285663749
   1.78199197251623
   2.88662447641119
   2.98816359863876
   3.21186836227689
   2.80060900673497
   2.61302944083337
   2.04197264909006
   2.89445283884359
   2.46466030629234
   1.02306802855413
   2.32546953609983
   2.98718497510862
   1.79202877995505
   1.39933924066368
   1.94536054248877
   3.13532845656821
   2.88797853827935
   2.52085674919673
   1.05170419447423
   1.85261262216598
   2.51130265830790
   3.24306858731619
   2.84817176896194
   2.75190911962756
   2.20896435493650
   1.95556480612313
   3.05224793308398
   2.26164457779237
   2.27722404195141
   2.66076766965299
   2.97332989323679
   2.80619027174614
   3.28944395054512
   2.25785165578203
   2.60419017402202
   3.06628612063787
   3.21751217760950
   1.44276249316256
   0.434920299121643
   2.12133350243450
   0.282890405440251
   0.226062088583527
  -7.92457589414494
   0.509515997035000
  -12.8417577824392
   2.07622042603205
   1.38884142899901
   1.72154758354461
   1.23629296858003
  -14.5690363125412
   2.36471463300990
   2.52661679196820
   2.11868063714717
   4.35918314467998
   3.96419279886980
   3.99750969896241
   4.01796604778810
   4.60580909893703
   1.59691980912535
   0.869778300145906
   4.33428811328310
   2.71501943937521
   3.67930302650440
   3.51201381042867
   1.71510856434341
   2.82743966652175
   3.24207866958949
   3.43676497030784
   3.80702130104090
   3.42391441614038
   2.94615714665776
   2.88784036589266
   3.09097008792625
   2.73217639232143
   2.38564991077617
   2.81638709186741
   2.45317166536574
   3.11261379441436
   3.76036750987942
   3.84117451249842
   3.16089444521635
   2.67165042612910
   3.25629623753467
   2.61912896455477
   3.14338444706905
   2.53679752760684
   2.30072776075067
   1.76912690196300
   2.63138353627963
   1.77264946041997
   1.87488392405959
   3.33822440369754
   2.98559235543268
   1.03766845660820
   0.406213294894097
  -2.09676715892383
   1.96314478341595
   2.87947941376227
   2.66733293643029
   3.32193782223167
   3.34543845019552
   1.76143612327490
   2.59397122911357
   2.57234282244599
   2.77174692708674
   0.144519343223158
   3.22699774021579
   2.12475813877143
   3.33199831487120
   1.19424419223962
   1.71175780708904
   2.55478611516016
   2.50664907361529
   3.01425219548626
   3.54766670743057
   2.11889828088043
   2.38378423706964
   3.41408311873234
   3.04077308601556
   2.34561987995469
   2.17239804038134
   2.83679045347501
   2.50124649805749
   2.82141982908696
   2.95179588812389
   2.21561541669632
   2.80096903043558
   2.73039158445564
   2.66519880773472
   2.53050070476330
   3.02321464834802
   3.44222922265858
   3.13549889176009
   2.92134867106832
   1.83605299702309
   3.84546853738415
   3.29366965007955
   0.850730248186392
   2.15806880339883
   2.87711417379613
   2.60357905268885
   0.791663410360043
  -3.24033741659855
   2.91709769893343
   2.47375714001240
   1.15088650477410
   1.03441186989258
   2.29557776845835
   2.14911574724040
   1.88994050432433
   2.47802411309524
   2.39433319459192
   2.08984211882934
   2.37626069468168
   2.70463900001309
   3.30386371328887
   2.52684354968970
   1.85348224590284
   1.26619477306050
   2.38922296109363
   2.95140087586230
   1.90744324010152
   3.05483842312922
   2.33028399659221
  -0.733182188829708
   2.25586772220036
   1.69167122503061
   2.00735263633855
   0.408419447044477
   2.13454861256504
   2.46742901894564
   0.317472647050860
   1.90842867051339
   3.05582933383162
   1.99994622239528
   0.414186458361652
   2.45474327027411
   2.59557778672448
   4.14527543094263
   2.27247479259288
   2.70474262456873
   1.92676014267326
   2.63970291410331
   3.08079243921640
   0.904268186513534
   1.78322280771670
  -0.167186564588463
   1.87639208321758
   1.93986569040160
   0.711542716773781
   1.07983470030808
   0.195718757553583
  -6.174433243301609E-002
   1.19711628936835
   1.21632366555691
   1.18098066298602
  -6.244049435106676E-002
   3.610140640432521E-002
   1.42359650537901
  -0.560608146941250
   3.04299358673895
   3.24433079988987
   2.99078531844602
   3.02223472692501
   0.421661670803603
