152300
240000
137800
143500
229400
220400
263700
199600
201800
161700
212600
183100
160900
159100
129900
156500
137600
148600
143500
138900
144900
140500
142800
136100
137100
135300
141000
134000
154200
200600
173400
180100
158600
164200
125500
181100
151000
103300
242700
152500
280000
343900
177700
174200
295000
270100
473000
153100
150300
310400
337100
446600
338100
360700
178800
196600
182200
168800
145900
181700
182800
189900
186200
196300
256300
211400
272200
371500
212700
263300
220300
360300
294000
218700
234500
233800
293200
190400
203700
230800
162200
278100
194900
187500
182800
405900
308900
249900
199500
304200
190200
305700
195300
176100
218500
210800
243600
207200
219500
97900
170800
123500
162800
105700
153300
139800
157900
99200
153100
115400
149400
152700
163100
154900
153000
140800
161200
160100
113900
145800
169100
165600
157300
155000
156400
157100
186200
153600
161700
179600
137100
153300
145200
159300
160800
148100
143100
151300
173100
157000
186700
161900
149600
170300
167300
185300
174800
170200
231600
202500
232200
250000
184600
256900
193500
366700
153400
207900
165400
142900
167400
285300
300000
321000
364600
224300
323500
281800
186900
130300
274300
271700
379200
179500
180400
171000
164900
178700
171700
171800
222900
173200
233200
172500
183000
182100
183900
190000
122800
201600
141800
112500
212000
261900
278300
304700
269400
273700
207800
162800
179300
184500
169300
166300
175800
158100
166800
167100
191100
180300
167500
149400
180200
225900
160000
201700
168000
211900
191700
254500
191100
216500
186400
215700
188200
370500
331300
261800
153200
115700
182900
174800
176600
220300
191100
244800
216900
203500
248500
234100
255000
362000
284400
279500
374200
384300
321600
370100
559500
272900
598900
358300
216200
197300
300700
133600
161900
540300
250000
271200
731600
475200
648200
739800
621600
630500
388200
414100
406300
347400
464300
579100
592300
492700
417400
367600
397000
408600
350500
297500
462200
548100
595200
602600
254800
241500
189900
187900
200000
156800
208400
173600
141700
150900
161800
144400
152300
139500
175300
167800
156000
145300
209700
182900
188300
160800
165200
188400
185600
189900
133800
172100
192500
154500
262900
195000
518000
218200
379400
556500
660100
456100
393100
451600
573300
602300
536800
418400
203100
429600
350000
238600
243200
176900
188800
194200
183000
225000
173300
242700
236100
229700
227700
219300
115900
221900
205600
241700
206100
198500
182500
187500
347900
342600
440200
358300
186700
175900
185300
142600
165600
158700
732000
622000
1000001
398200
435900
434400
369400
233600
335900
283200
181400
177100
180100
186400
181300
199800
190100
167800
187500
207200
184700
195600
153600
155400
146200
122100
174600
159400
127500
169000
150700
161700
157600
162500
146700
161400
174000
159800
176700
140000
154100
160100
138400
142400
155200
147200
150300
129500
108300
160100
149500
177200
143600
140600
148400
139300
157600
168500
143500
166600
166700
148500
156900
157300
168300
159700
149400
137500
142900
314300
143100
350000
350000
97800
137200
187500
875000
636400
152400
164300
149700
212500
182000
195500
253100
170800
225000
200000
162500
159100
79300
715300
235300
128600
162500
273100
265400
537300
577800
420000
356300
410000
151800
232500
9999
288200
413600
369100
194000
266700
285100
207900
162200
161900
175000
29600
493700
735700
875000
310500
440200
494600
525800
413600
358200
367200
451600
270300
290700
496100
261500
348200
221200
265000
245500
244600
176700
263600
168600
164000
151500
156300
207800
188900
207300
154300
153800
143400
183500
147800
142800
135600
153100
214200
187500
154700
186100
155700
258900
255400
256500
175500
173900
181300
158900
198200
155600
153400
163100
184900
150600
159500
135600
164100
152800
215700
183800
189400
157500
174800
177500
147600
146700
185100
162200
128500
131300
122600
145200
121500
137900
141400
134200
137600
137700
127200
138900
139600
137600
134500
160300
144000
131700
145800
143800
141600
156100
150700
145400
154900
162500
146800
147800
156000
115900
154600
152500
143900
150500
136900
138400
135800
137800
185500
194100
144900
151200
143100
132100
148000
176100
155400
169400
242700
188900
95000
317000
141600
137800
135600
130400
140700
131700
144800
138000
139100
156700
157700
159700
145700
161300
138700
158300
142500
169900
164900
143100
133200
135500
131300
132700
134100
131300
129300
135000
131500
125200
129100
125500
133700
129100
137200
143600
140200
140900
154200
125400
131300
132000
107300
118800
117800
117600
125800
695800
955400
680800
1000001
1000001
1000001
785100
666300
906100
1000001
1000001
845700
342500
633000
1000001
1000001
236400
672600
854100
701500
461800
634200
780600
525300
517000
223500
795500
225000
326000
318700
284900
323500
438400
569600
656400
501600
631700
583800
278400
268300
324400
231900
196900
263500
216100
213700
349700
318800
326000
376200
445800
520200
365000
393300
280800
242900
362600
356300
283000
348100
329800
341100
266400
382500
613200
325600
354300
375800
461700
393300
972700
256800
237100
325300
295400
281400
227400
131300
263000
345100
281700
371200
361400
329900
395600
271300
137500
252200
583700
197200
152300
147400
164300
185200
192600
182700
174500
174000
232000
214600
182400
229100
160700
117600
172600
161600
149100
158000
171300
160300
188400
153900
148500
138800
133000
152500
144900
248500
161000
145800
297500
265400
190500
153400
204800
303100
164500
181700
236000
311400
327100
234500
362200
285700
292000
262800
252800
263400
268000
435200
529000
366900
443500
341800
342200
356500
312800
323600
187500
509200
352000
323700
220400
211700
230100
247100
205400
213200
269800
183100
266700
237700
183900
167800
232300
224200
196600
225000
211300
168900
234200
380000
319400
334300
253300
181100
248300
149300
201000
275000
251500
229600
219700
213800
220000
232400
257000
254200
252900
280900
230300
151100
141000
138400
265500
340800
468500
291500
219100
244700
190900
231700
448100
165900
147600
167300
205600
199400
278500
244700
210600
187500
213000
190800
203800
298300
170800
206700
192800
237700
177400
207700
228700
166300
137100
241300
289600
159800
130900
140400
167300
126500
113600
116200
121800
116700
114500
125100
140100
120000
129300
134700
98500
120700
127600
137600
127900
219300
302100
268400
190300
217700
232100
221500
238000
333300
232000
243100
249800
325100
235800
226700
236300
379100
322400
355100
245100
451600
274200
261400
204400
222600
186700
191800
181200
179000
168200
179700
160000
143400
151500
150700
138900
137600
147000
127500
138600
176700
140000
136700
140300
150400
152500
149000
158500
146700
132300
143800
138100
141100
135200
153900
159100
157600
180900
161200
178900
185000
165400
156400
174800
180700
176500
188500
191500
378300
239300
173100
229900
185000
203000
185200
187200
177800
154800
150400
150800
146400
148400
143600
149700
149800
173100
154200
147400
150500
145500
156600
165700
261100
169900
176900
143600
136400
204200
193100
186000
188800
159100
193200
153000
189900
203600
168700
271100
148400
229400
283200
162300
244000
230300
253800
347800
275900
278000
245800
394300
180100
197200
327200
163900
183600
107000
238900
163200
142400
144500
633500
332500
260300
440200
387000
353500
552100
452400
334500
199300
202200
265000
376000
362100
184200
188600
226200
166900
148500
208300
194300
195700
431100
446900
243500
242400
245000
223400
243600
193200
182600
162000
172000
160400
166200
161400
169100
159900
147600
165200
195600
181200
155300
155100
143400
153300
137000
160500
163700
151800
148600
155400
194300
161800
158500
152100
161200
161300
157900
142700
154300
376600
251500
234700
168900
607100
492500
533800
787600
655000
165600
172700
226400
341500
274000
276500
178600
171000
186000
169800
210700
181000
196600
275600
278700
338200
246200
273800
257400
380000
226100
393600
313500
351900
310300
396700
232600
638700
411100
558600
554700
757200
628000
329200
234700
249700
243400
252900
302700
309400
180400
260200
279500
445000
383800
410700
298100
321800
187400
198900
190500
195100
206100
191700
218300
169800
188600
182500
206800
215000
197100
197900
210500
203900
220800
198900
198200
225500
186200
188000
198100
180100
223100
218900
217600
272600
267200
195500
223000
200000
172400
179900
179900
170100
170300
171500
166400
182300
164900
197900
230600
194800
196900
204900
430200
279400
435900
327200
173300
156200
140800
158000
172100
170000
164500
171200
184100
197200
159400
231600
240300
320300
243000
162900
209700
171100
179300
164600
166700
166000
161800
160400
173300
166000
155400
164400
175900
160800
179000
165000
167700
164000
166300
157800
185400
169600
183700
180800
218300
193000
176700
176500
196600
285200
204600
215500
275100
200600
210700
199900
198400
212000
207600
162600
260800
211800
269200
234000
175000
213200
179800
203500
175000
159500
171600
166200
143900
142200
133900
156400
144100
137400
151900
148600
144800
159400
169500
153800
177000
161500
145900
153600
147700
153600
151400
153000
160300
163600
167500
159000
161100
174900
159800
165700
180900
184600
147100
165700
144200
148900
167900
160100
97600
157000
142600
117100
133800
139700
175400
93100
174200
168600
169600
172900
165600
193000
146100
144700
160900
159300
152200
172700
163000
175000
168100
170300
150900
168100
172300
160800
172100
159200
176000
154900
180600
169900
160400
210500
174500
169000
173300
148200
160200
161800
138100
155600
193200
167500
162900
172400
167000
168500
144300
144600
151200
136000
125700
132000
132400
127300
204900
166700
162500
168600
157800
167100
148000
146200
165900
156600
155900
152600
154600
161700
163600
164100
165200
158400
162500
154000
152500
148100
150700
144200
160500
134500
131900
141800
143400
131500
136400
132200
137300
143000
193700
132300
141200
133000
124100
117300
137200
136100
132100
136000
148700
142500
145700
143700
136000
126000
139700
140000
139700
140300
118900
132300
136000
134300
135100
125500
138400
136300
150600
137300
204300
215900
112500
164700
167500
175800
191600
178200
186100
273200
190700
165900
168300
195200
188500
171600
176200
124600
156200
145100
159200
162500
163600
179600
258600
222800
225700
258200
243800
237100
177900
207500
190700
183500
193800
201600
182700
179300
163300
159000
160400
148600
162300
155000
132000
178100
157400
164200
167100
165900
188100
180400
171700
165400
134400
155600
157400
148200
158100
153500
175400
152900
165400
169100
186500
184200
166500
168500
177200
172900
161500
209900
154700
161900
271300
304200
257100
272500
285900
292700
271900
276000
362900
276300
253100
183900
146300
142300
206700
195400
188100
177700
159700
201800
161500
289700
134800
144000
188000
199500
177700
150200
143600
165400
153400
131700
137700
137800
145900
149700
145400
145500
158300
113900
208600
194400
197800
218400
209800
208200
213300
270000
227000
201600
188100
190400
140900
135900
395000
299000
235100
278800
164000
172700
180600
138100
148200
154200
139400
149800
149800
137400
179900
136300
178600
152500
127000
150800
223900
204000
175000
225200
219400
228900
363200
236300
224400
233400
216500
244600
242300
249100
555100
558800
207200
195700
184500
157000
107600
158200
118100
141700
140400
148800
99300
134900
136600
184700
178800
81700
217300
150000
162100
112500
150900
150000
141200
115300
146600
142000
253400
454600
220700
221400
169300
180100
185800
335900
428100
393500
386900
641100
811100
261100
362500
462600
388100
142800
137100
136800
142700
152500
168600
183700
171100
192100
162500
192100
191300
199400
210100
138000
164700
148800
230000
156000
150200
155300
163700
154900
189700
132500
158900
160800
157000
162800
151900
154400
143800
158800
160100
147300
160100
165500
151900
154600
164700
183900
203900
179600
275200
196700
194200
195000
149800
163400
151300
181800
171300
161900
151600
173300
166800
175000
173400
206000
186100
206100
206500
168800
172800
188600
199500
186600
158900
176300
182500
180400
174900
216800
378600
356300
361700
398400
631500
743100
518300
331400
289200
336700
267300
294700
325100
354800
635400
885800
866800
498800
662300
404900
394700
387900
416900
370900
554300
228600
245700
259400
223900
232900
237800
299100
327900
352800
328400
340900
383000
346200
344400
286100
259300
245500
315800
335500
426700
297100
374700
348500
363700
533000
473400
377300
251900
245000
255800
287200
702600
611000
744100
896600
762600
575200
558400
794100
445100
477800
543900
676100
1000001
682500
389700
671400
313300
329300
233900
466900
431100
1000001
1000001
778800
655700
766400
1000001
1000001
526200
1000001
381300
359400
414200
356900
755200
357100
309800
328600
317500
288300
1000001
500000
470100
489000
510100
532800
245800
344000
275000
323500
333300
328600
297800
281300
191300
267600
441100
290800
289800
507700
793200
641600
346800
368200
448500
327100
422000
604000
606300
994800
1000001
75300
102800
105200
135900
87200
101900
99900
108200
65500
94100
97000
82700
72200
84000
77300
136900
88300
75800
94100
89000
142700
142800
140900
122100
129200
142800
134600
164200
96100
107800
129200
132000
165200
289300
275000
204400
142800
78700
72500
96200
70000
66800
91800
75400
118100
97100
99500
106100
108300
114500
97300
125800
109200
254100
286700
212000
302800
99500
138300
238500
250000
180900
195200
220900
239800
239100
200000
198700
180500
224500
148600
204300
167700
181700
133700
121100
272600
238200
172400
187300
164000
236000
156300
337800
214000
238200
276900
346000
233100
257400
294200
339600
238700
303100
274300
161600
139600
